# name: debug
# type: sparse matrix
# nnz: 73044
# rows: 4062
# columns: 4062

1 1 2.4197638
2 1 -0.559036719
3 1 1.24250336
4 1 -123.832269
5 1 83.5499341
6 1 124.451106
7 1 -0.437452699
8 1 2.00146945
9 1 -1.05014249
10 1 0
11 1 0
12 1 0
1 2 -0.559036719
2 2 2.77009708
3 2 -2.23433654
4 2 205.589699
5 2 -162.150267
6 2 -162.727141
7 2 -0.840603056
8 2 -2.10291991
9 2 2.07011318
10 2 0
11 2 0
12 2 0
1 3 1.24250336
2 3 -2.23433654
3 3 18.8101373
4 3 -615.3201
5 3 592.675002
6 3 285.982535
7 3 -0.373721551
8 3 5.63882
9 3 -7.4397407
10 3 0
11 3 0
12 3 0
1 4 -123.832269
2 4 205.589699
3 4 -615.3201
4 4 45920.5411
5 4 -41225.7605
6 4 -22476.993
7 4 -4.55674563
8 4 -409.828665
9 4 517.918989
10 4 -360.122201
11 4 857.279088
12 4 307.62256
1 5 83.5499341
2 5 -162.150267
3 5 592.675002
4 5 -41225.7605
5 5 42689.1314
6 5 17105.3517
7 5 -13.2803074
8 5 349.230501
9 5 -512.248617
10 5 -792.610891
11 5 -390.908796
12 5 -129.878
1 6 124.451106
2 6 -162.727141
3 6 285.982535
4 6 -22476.993
5 6 17105.3517
6 6 19528.9109
7 6 35.2048941
8 6 275.70721
9 6 -215.639417
10 6 -177.709838
11 6 23.7424732
12 6 10.0867903
1 7 -0.437452699
2 7 -0.840603056
3 7 -0.373721551
4 7 -4.55674563
5 7 -13.2803074
6 7 35.2048941
7 7 2.39297368
8 7 -0.656831949
9 7 1.88438691
10 7 71.1829866
11 7 157.243741
12 7 -7.43711846
13 7 -1.39018587
14 7 0.543966289
15 7 -1.74829996
16 7 0
17 7 0
18 7 0
1 8 2.00146945
2 8 -2.10291991
3 8 5.63882
4 8 -409.828665
5 8 349.230501
6 8 275.70721
7 8 -0.656831949
8 8 6.33215222
9 8 -6.85230737
10 8 -101.333699
11 8 -218.441469
12 8 -134.789899
13 8 0.548413223
14 8 -1.7645638
15 8 2.45250726
16 8 0
17 8 0
18 8 0
1 9 -1.05014249
2 9 2.07011318
3 9 -7.4397407
4 9 517.918989
5 9 -512.248617
6 9 -215.639417
7 9 1.88438691
8 9 -6.85230737
9 9 15.2748739
10 9 359.676959
11 9 787.656427
12 9 147.258482
13 9 -1.75090364
14 9 2.44573813
15 9 -8.84524843
16 9 0
17 9 0
18 9 0
1 10 0
2 10 0
3 10 0
4 10 -360.122201
5 10 -792.610891
6 10 -177.709838
7 10 71.1829866
8 10 -101.333699
9 10 359.676959
10 10 16485.2622
11 10 32032.793
12 10 6015.90156
13 10 -71.3006683
14 10 101.090349
15 10 -359.722159
16 10 -966.881415
17 10 -1.10951739
18 10 103.882281
1 11 0
2 11 0
3 11 0
4 11 857.279088
5 11 -390.908796
6 11 23.7424732
7 11 157.243741
8 11 -218.441469
9 11 787.656427
10 11 32032.793
11 11 72005.8182
12 11 13520.7667
13 11 -157.497422
14 11 217.906977
15 11 -787.753864
16 11 1.0899558
17 11 -966.797079
18 11 -145.600588
1 12 0
2 12 0
3 12 0
4 12 307.62256
5 12 -129.878
6 12 10.0867903
7 12 -7.43711846
8 12 -134.789899
9 12 147.258482
10 12 6015.90156
11 12 13520.7667
12 12 12409.6727
13 12 7.28053387
14 12 134.732749
15 12 -147.318625
16 12 104.051441
17 12 -145.926513
18 12 -33.9741428
7 13 -1.39018587
8 13 0.548413223
9 13 -1.75090364
10 13 -71.3006683
11 13 -157.497422
12 13 7.28053387
13 13 2.7789879
14 13 -1.09189824
15 13 3.49609127
16 13 64.1039087
17 13 153.446682
18 13 -2.99322325
19 13 -1.3888101
20 13 0.54344522
21 13 -1.74519125
22 13 0
23 13 0
24 13 0
7 14 0.543966289
8 14 -1.7645638
9 14 2.44573813
10 14 101.090349
11 14 217.906977
12 14 134.732749
13 14 -1.09189824
14 14 3.53052111
15 14 -4.90046384
16 14 -90.9504016
17 14 -214.668983
18 14 -134.403642
19 14 0.547972993
20 14 -1.76591844
21 14 2.45474228
22 14 0
23 14 0
24 14 0
7 15 -1.74829996
8 15 2.45250726
9 15 -8.84524843
10 15 -359.722159
11 15 -787.753864
12 15 -147.318625
13 15 3.49609127
14 15 -4.90046384
15 15 17.6904954
16 15 324.656983
17 15 773.502903
18 15 150.565074
19 15 -1.74784362
20 15 2.44784793
21 15 -8.84526853
22 15 0
23 15 0
24 15 0
7 16 0
8 16 0
9 16 0
10 16 -966.881415
11 16 1.0899558
12 16 104.051441
13 16 64.1039087
14 16 -90.9504016
15 16 324.656983
16 16 13852.183
17 16 28394.3129
18 16 5393.41021
19 16 -64.2114094
20 16 90.726767
21 16 -324.698328
22 16 -966.882435
23 16 -1.13045759
24 16 103.696962
7 17 0
8 17 0
9 17 0
10 17 -1.10951739
11 17 -966.797079
12 17 -145.926513
13 17 153.446682
14 17 -214.668983
15 17 773.502903
16 17 28394.3129
17 17 69584.2385
18 17 13433.8052
19 17 -153.700411
20 17 214.13532
21 17 -773.600488
22 17 1.11014072
23 17 -966.796836
24 17 -145.728328
7 18 0
8 18 0
9 18 0
10 18 103.882281
11 18 -145.600588
12 18 -33.9741428
13 18 -2.99322325
14 18 -134.403642
15 18 150.565074
16 18 5393.41021
17 18 13433.8052
18 18 11910.784
19 18 2.83422349
20 18 134.338607
21 18 -150.626196
22 18 103.86962
23 18 -146.060788
24 18 -33.9736984
13 19 -1.3888101
14 19 0.547972993
15 19 -1.74784362
16 19 -64.2114094
17 19 -153.700411
18 19 2.83422349
19 19 2.77645475
20 19 -1.09100676
21 19 3.49040933
22 19 56.9056853
23 19 149.644276
24 19 1.5490035
25 19 -1.38754322
26 19 0.543418492
27 19 -1.74252338
28 19 0
29 19 0
30 19 0
13 20 0.54344522
14 20 -1.76591844
15 20 2.44784793
16 20 90.726767
17 20 214.13532
18 20 134.338607
19 20 -1.09100676
20 20 3.53300489
21 20 -4.90444735
22 20 -80.2874661
23 20 -210.812533
24 20 -134.00944
25 20 0.547243534
26 20 -1.76735745
27 20 2.4564726
28 20 0
29 20 0
30 20 0
13 21 -1.74519125
14 21 2.45474228
15 21 -8.84526853
16 21 -324.698328
17 21 -773.600488
18 21 -150.626196
19 21 3.49040933
20 21 -4.90444735
21 21 17.690543
22 21 288.833763
23 21 759.190149
24 21 153.906847
25 21 -1.74477937
26 21 2.45066742
27 21 -8.84509535
28 21 0
29 21 0
30 21 0
13 22 0
14 22 0
15 22 0
16 22 -966.882435
17 22 1.11014072
18 22 103.86962
19 22 56.9056853
20 22 -80.2874661
21 22 288.833763
22 22 11366.5356
23 22 24793.7505
24 22 4826.10075
25 22 -56.9861978
26 22 80.1199577
27 22 -288.864389
28 22 -966.871819
29 22 -0.953327482
30 22 103.541042
13 23 0
14 23 0
15 23 0
16 23 -1.13045759
17 23 -966.796836
18 23 -146.060788
19 23 149.644276
20 23 -210.812533
21 23 759.190149
22 23 24793.7505
23 23 67103.1442
24 23 13501.0925
25 23 -149.85568
26 23 210.372173
27 23 -759.270565
28 23 0.940902655
29 23 -966.796582
30 23 -145.874913
13 24 0
14 24 0
15 24 0
16 24 103.696962
17 24 -145.728328
18 24 -33.9736984
19 24 1.5490035
20 24 -134.00944
21 24 153.906847
22 24 4826.10075
23 24 13501.0925
24 24 11518.7857
25 24 -1.6831583
26 24 133.948882
27 24 -153.958135
28 24 103.685973
29 24 -146.154376
30 24 -33.9730376
19 25 -1.38754322
20 25 0.547243534
21 25 -1.74477937
22 25 -56.9861978
23 25 -149.85568
24 25 -1.6831583
25 25 2.77752821
26 25 -1.09151239
27 25 3.49278619
28 25 49.6214467
29 25 146.279107
30 25 6.27646223
31 25 -1.38828952
32 25 0.550617907
33 25 -1.74736389
34 25 0
35 25 0
36 25 0
19 26 0.543418492
20 26 -1.76735745
21 26 2.45066742
22 26 80.1199577
23 26 210.372173
24 26 133.948882
25 26 -1.09151239
26 26 3.53228995
27 26 -4.90325543
28 26 -68.9283639
29 26 -206.167387
30 26 -133.169503
31 26 0.542632655
32 26 -1.76951025
33 26 2.45050008
34 26 0
35 26 0
36 26 0
19 27 -1.74252338
20 27 2.4564726
21 27 -8.84509535
22 27 -288.864389
23 27 -759.270565
24 27 -153.958135
25 27 3.49278619
26 27 -4.90325543
27 27 17.6901799
28 27 251.306159
29 27 743.806413
30 27 156.545941
31 27 -1.742656
32 27 2.46262182
33 27 -8.84218657
34 27 0
35 27 0
36 27 0
19 28 0
20 28 0
21 28 0
22 28 -966.871819
23 28 0.940902655
24 28 103.685973
25 28 49.6214467
26 28 -68.9283639
27 28 251.306159
28 28 9074.93525
29 28 21135.1534
30 28 4179.34354
31 28 -49.4768443
32 28 69.2325859
33 28 -251.251032
34 28 -966.697382
35 28 2.02907255
36 28 103.865708
19 29 0
20 29 0
21 29 0
22 29 -0.953327482
23 29 -966.796582
24 29 -146.154376
25 29 146.279107
26 29 -206.167387
27 29 743.806413
28 29 21135.1534
29 29 64489.5176
30 29 13473.8551
31 29 -145.846625
32 29 207.066579
33 29 -743.641526
34 29 -1.91925583
35 29 -966.794999
36 29 -146.235874
19 30 0
20 30 0
21 30 0
22 30 103.541042
23 30 -145.874913
24 30 -33.9730376
25 30 6.27646223
26 30 -133.169503
27 30 156.545941
28 30 4179.34354
29 30 13473.8551
30 30 11105.9853
31 30 -5.99829047
32 30 133.307408
33 30 -156.439431
34 30 103.563541
35 30 -145.652018
36 30 -33.9729105
25 31 -1.38828952
26 31 0.542632655
27 31 -1.742656
28 31 -49.4768443
29 31 -145.846625
30 31 -5.99829047
31 31 2.78440524
32 31 -1.09587919
33 31 3.5074804
34 31 44.3708804
35 31 144.358462
36 31 9.7716779
37 31 -1.39355394
38 31 0.562768136
39 31 -1.76383514
40 31 0
41 31 0
42 31 0
25 32 0.550617907
26 32 -1.76951025
27 32 2.46262182
28 32 69.2325859
29 32 207.066579
30 32 133.307408
31 32 -1.09587919
32 32 3.53121938
33 32 -4.90058073
34 32 -60.155535
35 32 -201.088673
36 32 -131.431644
37 32 0.537213872
38 32 -1.76844879
39 32 2.43486232
40 32 0
41 32 0
42 32 0
25 33 -1.74736389
26 33 2.45050008
27 33 -8.84218657
28 33 -251.251032
29 33 -743.641526
30 33 -156.439431
31 33 3.5074804
32 33 -4.90058073
33 33 17.6843744
34 33 222.664036
35 33 729.324317
36 33 156.717793
37 33 -1.74889616
38 33 2.47369335
39 33 -8.83786383
40 33 0
41 33 0
42 33 0
25 34 0
26 34 0
27 34 0
28 34 -966.697382
29 34 -1.91925583
30 34 103.563541
31 34 44.3708804
32 34 -60.155535
33 34 222.664036
34 34 7540.48971
35 34 18361.5669
36 34 3634.84011
37 34 -43.9673613
38 34 61.0191335
39 34 -222.509054
40 34 -966.422587
41 34 6.45218048
42 34 104.908861
25 35 0
26 35 0
27 35 0
28 35 2.02907255
29 35 -966.794999
30 35 -145.652018
31 35 144.358462
32 35 -201.088673
33 35 729.324317
34 35 18361.5669
35 35 62078.2952
36 35 13238.8507
37 35 -143.009786
38 35 203.910742
39 35 -728.80632
40 35 -6.15776344
41 35 -966.775064
42 35 -146.37047
25 36 0
26 36 0
27 36 0
28 36 103.865708
29 36 -146.235874
30 36 -33.9729105
31 36 9.7716779
32 36 -131.431644
33 36 156.717793
34 36 3634.84011
35 36 13238.8507
36 36 10687.3614
37 36 -8.89472548
38 36 131.894312
39 36 -156.380975
40 36 103.939637
41 36 -144.505898
42 36 -33.9724498
31 37 -1.39355394
32 37 0.537213872
33 37 -1.74889616
34 37 -43.9673613
35 37 -143.009786
36 37 -8.89472548
37 37 2.79290558
38 37 -1.10176596
39 37 3.5254229
40 37 37.2868618
41 37 141.6526
42 37 14.4613646
43 37 -1.40027537
44 37 0.560928962
45 37 -1.77688311
46 37 0
47 37 0
48 37 0
31 38 0.562768136
32 38 -1.76844879
33 38 2.47369335
34 38 61.0191335
35 38 203.910742
36 38 131.894312
37 38 -1.10176596
38 38 3.53136001
39 38 -4.89932047
40 38 -49.0151743
41 38 -196.28548
42 38 -130.471346
43 38 0.542279361
44 38 -1.76005948
45 38 2.42689094
46 38 0
47 38 0
48 38 0
31 39 -1.76383514
32 39 2.43486232
33 39 -8.83786383
34 39 -222.509054
35 39 -728.80632
36 39 -156.380975
37 39 3.5254229
38 39 -4.89932047
39 39 17.6757371
40 39 186.08553
41 39 714.787922
42 39 158.998618
43 39 -1.7660541
44 39 2.45524573
45 39 -8.83959436
46 39 0
47 39 0
48 39 0
31 40 0
32 40 0
33 40 0
34 40 -966.422587
35 40 -6.15776344
36 40 103.939637
37 40 37.2868618
38 40 -49.0151743
39 40 186.08553
40 40 5852.45787
41 40 15039.5307
42 40 2966.54123
43 40 -37.0475104
44 40 49.5423471
45 40 -185.993717
46 40 -966.535074
47 40 4.70820424
48 40 105.659899
31 41 0
32 41 0
33 41 0
34 41 6.45218048
35 41 -966.775064
36 41 -144.505898
37 41 141.6526
38 41 -196.28548
39 41 714.787922
40 41 15039.5307
41 41 59706.9572
42 41 13175.1343
43 41 -140.694329
44 41 198.3027
45 41 -714.420331
46 41 -4.48492145
47 41 -966.785267
48 41 -145.474952
31 42 0
32 42 0
33 42 0
34 42 104.908861
35 42 -146.37047
36 42 -33.9724498
37 42 14.4613646
38 42 -130.471346
39 42 158.998618
40 42 2966.54123
41 42 13175.1343
42 42 10351.9476
43 42 -13.8268214
44 42 130.836114
45 42 -158.755151
46 42 104.956688
47 42 -144.121474
48 42 -33.9760293
37 43 -1.40027537
38 43 0.542279361
39 43 -1.7660541
40 43 -37.0475104
41 43 -140.694329
42 43 -13.8268214
43 43 2.8065067
44 43 -1.105015
45 43 3.55595342
46 43 30.1801178
47 43 138.822448
48 43 19.0963538
49 43 -1.40609745
50 43 0.563139896
51 43 -1.78984545
52 43 0
53 43 0
54 43 0
37 44 0.560928962
38 44 -1.76005948
39 44 2.45524573
40 44 49.5423471
41 44 198.3027
42 44 130.836114
43 44 -1.105015
44 44 3.514295
45 44 -4.87255122
46 44 -38.0717552
47 44 -191.306946
48 44 -129.37543
49 44 0.543887616
50 44 -1.75435309
51 44 2.41722762
52 44 0
53 44 0
54 44 0
37 45 -1.77688311
38 45 2.42689094
39 45 -8.83959436
40 45 -185.993717
41 45 -714.420331
42 45 -158.755151
43 45 3.55595342
44 45 -4.87255122
45 45 17.6792001
46 45 149.878618
47 45 699.60177
48 45 161.126829
49 45 -1.77874119
50 45 2.44651856
51 45 -8.83947319
52 45 0
53 45 0
54 45 0
37 46 0
38 46 0
39 46 0
40 46 -966.535074
41 46 -4.48492145
42 46 104.956688
43 46 30.1801178
44 46 -38.0717552
45 46 149.878618
46 46 4481.04448
47 46 11856.1273
48 46 2287.27324
49 46 -29.988519
50 46 38.5103158
51 46 -149.805015
52 46 -966.527065
53 46 4.85423954
54 46 106.433751
37 47 0
38 47 0
39 47 0
40 47 4.70820424
41 47 -966.785267
42 47 -144.121474
43 47 138.822448
44 47 -191.306946
45 47 699.60177
46 47 11856.1273
47 47 57282.1646
48 47 13071.4662
49 47 -137.860049
50 47 193.343584
51 47 -699.232096
52 47 -4.6232563
53 47 -966.784295
54 47 -144.934614
37 48 0
38 48 0
39 48 0
40 48 105.659899
41 48 -145.474952
42 48 -33.9760293
43 48 19.0963538
44 48 -129.37543
45 48 161.126829
46 48 2287.27324
47 48 13071.4662
48 48 10035.3896
49 48 -18.4476491
50 48 129.77879
51 48 -160.877835
52 48 105.710291
53 48 -143.542835
54 48 -33.9778476
43 49 -1.40609745
44 49 0.543887616
45 49 -1.77874119
46 49 -29.988519
47 49 -137.860049
48 49 -18.4476491
49 49 2.81517461
50 49 -1.10788069
51 49 3.5750209
52 49 23.5826019
53 49 135.871393
54 49 23.3211992
55 49 -1.41044826
56 49 0.558742008
57 49 -1.79680829
58 49 0
59 49 0
60 49 0
43 50 0.563139896
44 50 -1.75435309
45 50 2.44651856
46 50 38.5103158
47 50 193.343584
48 50 129.77879
49 50 -1.10788069
50 50 3.5058754
51 50 -4.85897443
52 50 -28.2981589
53 50 -187.196955
54 50 -128.65628
55 50 0.549221302
56 50 -1.74768702
57 50 2.41417504
58 50 0
59 50 0
60 50 0
43 51 -1.78984545
44 51 2.41722762
45 51 -8.83947319
46 51 -149.805015
47 51 -699.232096
48 51 -160.877835
49 51 3.5750209
50 51 -4.85897443
51 51 17.6789501
52 51 117.089888
53 51 686.08982
54 51 163.614353
55 51 -1.79133822
56 51 2.42868088
57 51 -8.84184644
58 51 0
59 51 0
60 51 0
43 52 0
44 52 0
45 52 0
46 52 -966.527065
47 52 -4.6232563
48 52 105.710291
49 52 23.5826019
50 52 -28.2981589
51 52 117.089888
52 52 3495.93091
53 52 9083.9095
54 52 1668.16177
55 52 -23.5123135
56 52 28.4677214
57 52 -117.06292
58 52 -966.676931
59 52 2.4052439
60 52 106.813091
43 53 0
44 53 0
45 53 0
46 53 4.85423954
47 53 -966.784295
48 53 -143.542835
49 53 135.871393
50 53 -187.196955
51 53 686.08982
52 53 9083.9095
53 53 55169.3562
54 53 13014.8787
55 53 -135.406638
56 53 188.184718
57 53 -685.911472
58 53 -2.27715775
59 53 -966.793889
60 53 -144.1657
43 54 0
44 54 0
45 54 0
46 54 106.433751
47 54 -144.934614
48 54 -33.9778476
49 54 23.3211992
50 54 -128.65628
51 54 163.614353
52 54 1668.16177
53 54 13014.8787
54 54 9807.16091
55 54 -23.0025283
56 54 128.869083
57 54 -163.491952
58 54 106.457751
59 54 -143.4781
60 54 -33.9806465
49 55 -1.41044826
50 55 0.549221302
51 55 -1.79133822
52 55 -23.5123135
53 55 -135.406638
54 55 -23.0025283
55 55 2.82227393
56 55 -1.10836014
57 55 3.59113122
58 55 16.3419808
59 55 132.391381
60 55 27.9081989
61 55 -1.41255316
62 55 0.556376602
63 55 -1.80006864
64 55 0
65 55 0
66 55 0
49 56 0.558742008
50 56 -1.74768702
51 56 2.42868088
52 56 28.4677214
53 56 188.184718
54 56 128.869083
55 56 -1.10836014
56 56 3.49402613
57 56 -4.84062337
58 56 -17.7443051
59 56 -183.074687
60 56 -128.109746
61 56 0.55193885
62 56 -1.74436126
63 56 2.41283203
64 56 0
65 56 0
66 56 0
49 57 -1.79680829
50 57 2.41417504
51 57 -8.84184644
52 57 -117.06292
53 57 -685.911472
54 57 -163.491952
55 57 3.59113122
56 57 -4.84062337
57 57 17.6837007
58 57 81.5623208
59 57 671.794896
60 57 166.732706
61 57 -1.79753913
62 57 2.419601
63 57 -8.84308071
64 57 0
65 57 0
66 57 0
49 58 0
50 58 0
51 58 0
52 58 -966.676931
53 58 -2.27715775
54 58 106.457751
55 58 16.3419808
56 58 -17.7443051
57 58 81.5623208
58 58 2704.4157
59 58 6196.42061
60 58 980.158645
61 58 -16.3215761
62 58 17.7993007
63 58 -81.5544199
64 58 -966.752349
65 58 1.12932
66 58 106.990833
49 59 0
50 59 0
51 59 0
52 59 2.4052439
53 59 -966.793889
54 59 -143.4781
55 59 132.391381
56 59 -183.074687
57 59 671.794896
58 59 6196.42061
59 59 52980.6782
60 59 12977.7518
61 59 -132.180701
62 59 183.525075
63 59 -671.713464
64 59 -1.05499952
65 59 -966.795976
66 59 -143.778982
49 60 0
50 60 0
51 60 0
52 60 106.813091
53 60 -144.1657
54 60 -33.9806465
55 60 27.9081989
56 60 -128.109746
57 60 166.732706
58 60 980.158645
59 60 12977.7518
60 60 9618.66249
61 60 -27.7604918
62 60 128.215733
63 60 -166.675874
64 60 106.823699
65 60 -143.458887
66 60 -33.9816204
55 61 -1.41255316
56 61 0.55193885
57 61 -1.79753913
58 61 -16.3215761
59 61 -132.180701
60 61 -27.7604918
61 61 2.82290193
62 61 -1.10765517
63 61 3.59279399
64 61 8.93318999
65 61 128.457088
66 61 32.5643706
67 61 -1.41200869
68 61 0.549376866
69 61 -1.795899
70 61 0
71 61 0
72 61 0
55 62 0.556376602
56 62 -1.74436126
57 62 2.419601
58 62 17.7993007
59 62 183.525075
60 62 128.215733
61 62 -1.10765517
62 62 3.49094195
63 62 -4.83602615
64 62 -7.07073917
65 62 -179.607166
66 62 -128.031888
67 62 0.556532091
68 62 -1.74210497
69 62 2.41844749
70 62 0
71 62 0
72 62 0
55 63 -1.80006864
56 63 2.41283203
57 63 -8.84308071
58 63 -81.5544199
59 63 -671.713464
60 63 -166.675874
61 63 3.59279399
62 63 -4.83602615
63 63 17.6861545
64 63 45.5295075
65 63 658.288321
66 63 170.673976
67 63 -1.79997863
68 63 2.40752442
69 63 -8.84587607
70 63 0
71 63 0
72 63 0
55 64 0
56 64 0
57 64 0
58 64 -966.752349
59 64 -1.05499952
60 64 106.823699
61 64 8.93318999
62 64 -7.07073917
63 64 45.5295075
64 64 2194.68329
65 64 3390.4424
66 64 261.787035
67 64 -8.9462308
68 64 7.02152056
69 64 -45.5345644
70 64 -966.917694
71 64 -1.78733979
72 64 106.703458
55 65 0
56 65 0
57 65 0
58 65 1.12932
59 65 -966.795976
60 65 -143.458887
61 65 128.457088
62 65 -179.607166
63 65 658.288321
64 65 3390.4424
65 65 50956.8993
66 65 13001.945
67 65 -128.78972
68 65 178.896701
69 65 -658.416784
70 65 1.73717372
71 65 -966.7953
72 65 -143.412829
55 66 0
56 66 0
57 66 0
58 66 106.990833
59 66 -143.778982
60 66 -33.9816204
61 66 32.5643706
62 66 -128.031888
63 66 170.673976
64 66 261.787035
65 66 13001.945
66 66 9514.87315
67 66 -32.8023097
68 66 127.848909
69 66 -170.765556
70 66 106.972734
71 66 -143.929789
72 66 -33.9821619
61 67 -1.41200869
62 67 0.556532091
63 67 -1.79997863
64 67 -8.9462308
65 67 -128.78972
66 67 -32.8023097
67 67 2.81818238
68 67 -1.10410822
69 67 3.58307507
70 67 1.25924544
71 67 124.004357
72 67 37.3693618
73 67 -1.40784182
74 67 0.541172739
75 67 -1.783732
76 67 0
77 67 0
78 67 0
61 68 0.549376866
62 68 -1.74210497
63 68 2.40752442
64 68 7.02152056
65 68 178.896701
66 68 127.848909
67 68 -1.10410822
68 68 3.49006656
69 68 -4.83543091
70 68 4.07222971
71 68 -176.674963
72 68 -128.387344
73 68 0.560118951
74 68 -1.74336603
75 68 2.42997007
76 68 0
77 68 0
78 68 0
61 69 -1.795899
62 69 2.41844749
63 69 -8.84587607
64 69 -45.5345644
65 69 -658.416784
66 69 -170.765556
67 69 3.58307507
68 69 -4.83543091
69 69 17.6917516
70 69 8.03730973
71 69 645.22021
72 69 175.415718
73 69 -1.7946158
74 69 2.40107021
75 69 -8.84871881
76 69 0
77 69 0
78 69 0
61 70 0
62 70 0
63 70 0
64 70 -966.917694
65 70 1.73717372
66 70 106.972734
67 70 1.25924544
68 70 4.07222971
69 70 8.03730973
70 70 1977.63719
71 70 588.619249
72 70 -517.891302
73 70 -1.23909332
74 70 -4.09361774
75 70 -8.02957452
76 70 -967.077476
77 70 -4.75976992
78 70 105.945157
61 71 0
62 71 0
63 71 0
64 71 -1.78733979
65 71 -966.7953
66 71 -143.929789
67 71 124.004357
68 71 -176.674963
69 71 645.22021
70 71 588.619249
71 71 49040.154
72 71 13074.1831
73 71 -124.872165
74 71 174.837929
75 71 -645.553183
76 71 4.58479618
77 71 -966.784777
78 71 -143.385207
61 72 0
62 72 0
63 72 0
64 72 106.703458
65 72 -143.412829
66 72 -33.9821619
67 72 37.3693618
68 72 -128.387344
69 72 175.415718
70 72 -517.891302
71 72 13074.1831
72 72 9491.02256
73 72 -38.0019048
74 72 127.868756
75 72 -175.658459
76 72 106.655862
77 72 -144.756546
78 72 -33.9805775
67 73 -1.40784182
68 73 0.560118951
69 73 -1.7946158
70 73 -1.23909332
71 73 -124.872165
72 73 -38.0019048
73 73 2.8130373
74 73 -1.10040335
75 73 3.57243948
76 73 -5.99088324
77 73 119.678532
78 73 41.8184927
79 73 -1.40370338
80 73 0.545899269
81 73 -1.77724992
82 73 0
83 73 0
84 73 0
67 74 0.541172739
68 74 -1.74336603
69 74 2.40107021
70 74 -4.09361774
71 74 174.837929
72 74 127.868756
73 74 -1.10040335
74 74 3.48951301
75 74 -4.83535756
76 74 14.6775545
77 74 -172.611977
78 74 -127.823763
79 74 0.554627113
80 74 -1.75001061
81 74 2.43252098
82 74 0
83 74 0
84 74 0
67 75 -1.783732
68 75 2.42997007
69 75 -8.84871881
70 75 -8.02957452
71 75 -645.553183
72 75 -175.658459
73 75 3.57243948
74 75 -4.83535756
75 75 17.6974513
76 75 -27.8120541
77 75 629.444993
78 75 178.60286
79 75 -1.78229529
80 75 2.41921868
81 75 -8.84626945
82 75 0
83 75 0
84 75 0
67 76 0
68 76 0
69 76 0
70 76 -967.077476
71 76 4.58479618
72 76 106.655862
73 76 -5.99088324
74 76 14.6775545
75 76 -27.8120541
76 76 2067.07015
77 76 -1976.72427
78 76 -1284.13053
79 76 6.02424026
80 76 -14.6395932
81 76 27.8248523
82 76 -966.940113
83 76 -2.18505358
84 76 105.590915
67 77 0
68 77 0
69 77 0
70 77 -4.75976992
71 77 -966.784777
72 77 -144.756546
73 77 119.678532
74 77 -172.611977
75 77 629.444993
76 77 -1976.72427
77 77 46775.7221
78 77 12960.7422
79 77 -120.07069
80 77 171.789513
81 77 -629.595275
82 77 2.11952572
83 77 -966.794184
84 77 -144.153919
67 78 0
68 78 0
69 78 0
70 78 105.945157
71 78 -143.385207
72 78 -33.9805775
73 78 41.8184927
74 78 -127.823763
75 78 178.60286
76 78 -1284.13053
77 78 12960.7422
78 78 9388.56292
79 78 -42.1090192
80 78 127.572268
81 78 -178.714365
82 78 105.918377
83 78 -144.787678
84 78 -33.9790706
73 79 -1.40370338
74 79 0.554627113
75 79 -1.78229529
76 79 6.02424026
77 79 -120.07069
78 79 -42.1090192
79 79 2.80807189
80 79 -1.10072978
81 79 3.56099558
82 79 -13.9214471
83 79 115.55558
84 79 46.7813271
85 79 -1.40280428
86 79 0.552007542
87 79 -1.77810389
88 79 0
89 79 0
90 79 0
73 80 0.545899269
74 80 -1.75001061
75 80 2.41921868
76 80 -14.6395932
77 80 171.789513
78 80 127.572268
79 80 -1.10072978
80 80 3.49939288
81 80 -4.85068772
82 80 26.3155017
83 80 -167.871325
84 80 -127.052858
85 80 0.549879837
86 80 -1.75356362
87 80 2.42957018
88 80 0
89 80 0
90 80 0
73 81 -1.77724992
74 81 2.43252098
75 81 -8.84626945
76 81 27.8248523
77 81 -629.595275
78 81 -178.714365
79 81 3.56099558
80 81 -4.85068772
81 81 17.6925336
82 81 -66.9808257
83 81 612.646341
84 81 181.792772
85 81 -1.77686375
86 81 2.43280685
87 81 -8.84363164
88 81 0
89 81 0
90 81 0
73 82 0
74 82 0
75 82 0
76 82 -966.940113
77 82 2.11952572
78 82 105.918377
79 82 -13.9214471
80 82 26.3155017
81 82 -66.9808257
82 82 2498.70082
83 82 -4636.59242
84 82 -2150.63041
85 82 13.9068004
86 82 -26.3374468
87 82 66.9752441
88 82 -966.785675
89 82 0.54840467
90 82 105.675366
73 83 0
74 83 0
75 83 0
76 83 -2.18505358
77 83 -966.794184
78 83 -144.787678
79 83 115.55558
80 83 -167.871325
81 83 612.646341
82 83 -4636.59242
83 83 44428.2095
84 83 12806.8179
85 83 -115.46192
86 83 168.065532
87 83 -612.610766
88 83 -0.499297453
89 83 -966.796932
90 83 -144.635352
73 84 0
74 84 0
75 84 0
76 84 105.590915
77 84 -144.153919
78 84 -33.9790706
79 84 46.7813271
80 84 -127.052858
81 84 181.792772
82 84 -2150.63041
83 84 12806.8179
84 84 9315.77564
85 84 -46.7107851
86 84 127.117396
87 84 -181.765801
88 84 105.596498
89 84 -144.480989
90 84 -33.9785861
79 85 -1.40280428
80 85 0.549879837
81 85 -1.77686375
82 85 13.9068004
83 85 -115.46192
84 85 -46.7107851
85 85 2.81354394
86 85 -1.10434098
87 85 3.57238426
88 85 -21.6188313
89 85 112.020538
90 85 51.5064961
91 85 -1.40728863
92 85 0.56738346
93 85 -1.79419093
94 85 0
95 85 0
96 85 0
79 86 0.552007542
80 86 -1.75356362
81 86 2.43280685
82 86 -26.3374468
83 86 168.065532
84 86 127.117396
85 86 -1.10434098
86 86 3.49918967
87 86 -4.84952977
88 86 37.0928877
89 86 -161.548065
90 86 -125.106098
91 86 0.541571514
92 86 -1.75469593
93 86 2.4125875
94 86 0
95 86 0
96 86 0
79 87 -1.77810389
80 87 2.42957018
81 87 -8.84363164
82 87 66.9752441
83 87 -612.610766
84 87 -181.765801
85 87 3.57238426
86 87 -4.84952977
87 87 17.6872673
88 87 -104.017872
89 87 592.933749
90 87 183.166896
91 87 -1.77931301
92 87 2.45186008
93 87 -8.83787732
94 87 0
95 87 0
96 87 0
79 88 0
80 88 0
81 88 0
82 88 -966.785675
83 88 -0.499297453
84 88 105.596498
85 88 -21.6188313
86 88 37.0928877
87 88 -104.017872
88 88 3225.85653
89 88 -6969.92309
90 88 -2966.33194
91 88 21.3687184
92 88 -37.5048917
93 88 103.921768
94 88 -966.422852
95 88 6.4977419
96 88 106.716025
79 89 0
80 89 0
81 89 0
82 89 0.54840467
83 89 -966.796932
84 89 -144.480989
85 89 112.020538
86 89 -161.548065
87 89 592.933749
88 89 -6969.92309
89 89 41752.5166
90 89 12452.7847
91 89 -110.929757
92 89 163.822695
93 89 -592.514552
94 89 -6.19678718
95 89 -966.774067
96 89 -145.054295
79 90 0
80 90 0
81 90 0
82 90 105.675366
83 90 -144.635352
84 90 -33.9785861
85 90 51.5064961
86 90 -125.106098
87 90 183.166896
88 90 -2966.33194
89 90 12452.7847
90 90 9151.31767
91 90 -50.6646951
92 90 125.920183
93 90 -182.843531
94 90 105.747912
95 90 -143.188984
96 90 -33.9772109
85 91 -1.40728863
86 91 0.541571514
87 91 -1.77931301
88 91 21.3687184
89 91 -110.929757
90 91 -50.6646951
91 91 2.81785144
92 91 -1.10984182
93 91 3.58049985
94 91 -29.3796977
95 91 108.847762
96 91 56.5183318
97 91 -1.4127402
98 91 0.559929073
99 91 -1.80202538
100 91 0
101 91 0
102 91 0
85 92 0.56738346
86 92 -1.75469593
87 92 2.45186008
88 92 -37.5048917
89 92 163.822695
90 92 125.920183
91 92 -1.10984182
92 92 3.50638072
93 92 -4.85923211
94 92 48.1771992
95 92 -157.503649
96 92 -124.802741
97 92 0.549565979
98 92 -1.74558608
99 92 2.41010313
100 92 0
101 92 0
102 92 0
85 93 -1.79419093
86 93 2.4125875
87 93 -8.83787732
88 93 103.921768
89 93 -592.514552
90 93 -182.843531
91 93 3.58049985
92 93 -4.85923211
93 93 17.6757659
94 93 -141.420033
95 93 579.583394
96 93 186.883346
97 93 -1.7960864
98 93 2.42589167
99 93 -8.84164884
100 93 0
101 93 0
102 93 0
85 94 0
86 94 0
87 94 0
88 94 -966.422852
89 94 -6.19678718
90 94 105.747912
91 94 -29.3796977
92 94 48.1771992
93 94 -141.420033
94 94 4279.66262
95 94 -9262.88533
96 94 -3855.87309
97 94 29.2496469
98 94 -48.4022894
99 94 141.370105
100 94 -966.664077
101 94 2.61545711
102 94 107.126249
85 95 0
86 95 0
87 95 0
88 95 6.4977419
89 95 -966.774067
90 95 -143.188984
91 95 108.847762
92 95 -157.503649
93 95 579.583394
94 95 -9262.88533
95 95 39997.4892
96 95 12372.2761
97 95 -108.422348
98 95 158.395217
99 95 -579.42007
100 95 -2.47799046
101 95 -966.792616
102 95 -143.973618
85 96 0
86 96 0
87 96 0
88 96 106.716025
89 96 -145.054295
90 96 -33.9772109
91 96 56.5183318
92 96 -124.802741
93 96 186.883346
94 96 -3855.87309
95 96 12372.2761
96 96 9239.49981
97 96 -56.1818105
98 96 125.147524
99 96 -186.754153
100 96 106.739903
101 96 -143.2269
102 96 -33.9812866
91 97 -1.4127402
92 97 0.549565979
93 97 -1.7960864
94 97 29.2496469
95 97 -108.422348
96 97 -56.1818105
97 97 2.82535951
98 97 -1.10944484
99 97 3.59782605
100 97 -36.4056842
101 97 105.433889
102 97 60.9857453
103 97 -1.41416769
104 97 0.553987417
105 97 -1.8023346
106 97 0
107 97 0
108 97 0
91 98 0.559929073
92 98 -1.74558608
93 98 2.42589167
94 98 -48.4022894
95 98 158.395217
96 98 125.147524
97 98 -1.10944484
98 98 3.49133541
99 98 -4.83620783
100 98 58.3320992
101 98 -153.967049
102 98 -124.578975
103 98 0.554412601
104 98 -1.74157609
105 98 2.41219803
106 98 0
107 98 0
108 98 0
91 99 -1.80202538
92 99 2.41010313
93 99 -8.84164884
94 99 141.370105
95 99 -579.42007
96 99 -186.754153
97 99 3.59782605
98 99 -4.83620783
99 99 17.6832996
100 99 -175.692261
101 99 566.734415
102 99 190.372733
103 99 -1.8025742
104 99 2.41154227
105 99 -8.84425366
106 99 0
107 99 0
108 99 0
91 100 0
92 100 0
93 100 0
94 100 -966.664077
95 100 -2.47799046
96 100 106.739903
97 100 -36.4056842
98 100 58.3320992
99 100 -175.692261
100 100 5523.74784
101 100 -11252.6222
102 100 -4693.80298
103 100 36.4120636
104 100 -58.3204952
105 100 175.694771
106 100 -966.822374
107 100 -0.0936875654
108 100 107.108523
91 101 0
92 101 0
93 101 0
94 101 2.61545711
95 101 -966.792616
96 101 -143.2269
97 101 105.433889
98 101 -153.967049
99 101 566.734415
100 101 -11252.6222
101 101 38346.5082
102 101 12273.609
103 101 -105.450705
104 101 153.930966
105 101 -566.741029
106 101 0.11578339
107 101 -966.79628
108 101 -143.447364
91 102 0
92 102 0
93 102 0
94 102 107.126249
95 102 -143.973618
96 102 -33.9812866
97 102 60.9857453
98 102 -124.578975
99 102 190.372733
100 102 -4693.80298
101 102 12273.609
102 102 9346.77864
103 102 -60.9994104
104 102 124.563983
105 102 -190.378117
106 102 107.124578
107 102 -143.4788
108 102 -33.9825957
97 103 -1.41416769
98 103 0.554412601
99 103 -1.8025742
100 103 36.4120636
101 103 -105.450705
102 103 -60.9994104
103 103 2.82798939
104 103 -1.10829526
105 103 3.60415641
106 103 -44.3969315
107 103 101.32274
108 103 66.0046839
109 103 -1.41392413
110 103 0.553504198
111 103 -1.80161896
112 103 0
113 103 0
114 103 0
97 104 0.553987417
98 104 -1.74157609
99 104 2.41154227
100 104 -58.3204952
101 104 153.930966
102 104 124.563983
103 104 -1.10829526
104 104 3.48349196
105 104 -4.82429359
106 104 69.9188477
107 104 -149.703602
108 104 -124.152231
109 104 0.554625501
110 104 -1.74165156
111 104 2.41286948
112 104 0
113 104 0
114 104 0
97 105 -1.8023346
98 105 2.41219803
99 105 -8.84425366
100 105 175.694771
101 105 -566.741029
102 105 -190.378117
103 105 3.60415641
104 105 -4.82429359
105 105 17.6885136
106 105 -214.734284
107 105 551.171851
108 105 194.100534
109 105 -1.80226685
110 105 2.41116691
111 105 -8.84442322
112 105 0
113 105 0
114 105 0
97 106 0
98 106 0
99 106 0
100 106 -966.822374
101 106 0.11578339
102 106 107.124578
103 106 -44.3969315
104 106 69.9188477
105 106 -214.734284
106 106 7265.99104
107 106 -13375.4959
108 106 -5671.80549
109 106 44.4174338
110 106 -69.8820133
111 106 214.742026
112 106 -966.832646
113 106 -0.268325452
114 106 107.064326
97 107 0
98 107 0
99 107 0
100 107 -0.0936875654
101 107 -966.79628
102 107 -143.4788
103 107 101.32274
104 107 -149.703602
105 107 551.171851
106 107 -13375.4959
107 107 36397.433
108 107 12106.54
109 107 -101.366699
110 107 149.612745
111 107 -551.18842
112 107 0.283147571
113 107 -966.796718
114 107 -143.446113
97 108 0
98 108 0
99 108 0
100 108 107.108523
101 108 -143.447364
102 108 -33.9825957
103 108 66.0046839
104 108 -124.152231
105 108 194.100534
106 108 -5671.80549
107 108 12106.54
108 108 9483.9803
109 108 -66.0409627
110 108 124.111382
111 108 -194.1143
112 108 107.105437
113 108 -143.526314
114 108 -33.9823676
103 109 -1.41392413
104 109 0.554625501
105 109 -1.80226685
106 109 44.4174338
107 109 -101.366699
108 109 -66.0409627
109 109 2.8275117
110 109 -1.10803205
111 109 3.60315196
112 109 -51.7077362
113 109 97.4329366
114 109 70.5591871
115 109 -1.4135824
116 109 0.553416236
117 109 -1.80088656
118 109 0
119 109 0
120 109 0
103 110 0.553504198
104 110 -1.74165156
105 110 2.41116691
106 110 -69.8820133
107 110 149.612745
108 110 124.111382
109 110 -1.10803205
110 110 3.48364645
111 110 -4.82459287
112 110 80.4865089
113 110 -145.568434
114 110 -123.582414
115 110 0.554516595
116 110 -1.74200139
117 110 2.41342393
118 110 0
119 110 0
120 110 0
103 111 -1.80161896
104 111 2.41286948
105 111 -8.84442322
106 111 214.742026
107 111 -551.18842
108 111 -194.1143
109 111 3.60315196
110 111 -4.82459287
111 111 17.6888402
112 111 -250.501373
113 111 536.057346
114 111 197.27617
115 111 -1.80150848
116 111 2.4117468
117 111 -8.84441611
118 111 0
119 111 0
120 111 0
103 112 0
104 112 0
105 112 0
106 112 -966.832646
107 112 0.283147571
108 112 107.105437
109 112 -51.7077362
110 112 80.4865089
111 112 -250.501373
112 112 9164.69248
113 112 -15175.4327
114 112 -6582.62089
115 112 51.7305886
116 112 -80.4442256
117 112 250.510239
118 112 -966.832416
119 112 -0.264161879
120 112 107.019981
103 113 0
104 113 0
105 113 0
106 113 -0.268325452
107 113 -966.796718
108 113 -143.526314
109 113 97.4329366
110 113 -145.568434
111 113 536.057346
112 113 -15175.4327
113 113 34556.0169
114 113 11904.0091
115 113 -97.4741892
116 113 145.481742
117 113 -536.073384
118 113 0.278887879
119 113 -966.796931
120 113 -143.480135
103 114 0
104 114 0
105 114 0
106 114 107.064326
107 114 -143.446113
108 114 -33.9823676
109 114 70.5591871
110 114 -123.582414
111 114 197.27617
112 114 -6582.62089
113 114 11904.0091
114 114 9623.16444
115 114 -70.5944527
116 114 123.540555
117 114 -197.289774
118 114 107.062078
119 114 -143.559077
120 114 -33.9824402
109 115 -1.4135824
110 115 0.554516595
111 115 -1.80150848
112 115 51.7305886
113 115 -97.4741892
114 115 -70.5944527
115 115 2.82793855
116 115 -1.10815948
117 115 3.60407989
118 115 -53.3396659
119 115 95.7071131
120 115 71.2773866
121 115 -1.41383603
122 115 0.555626546
123 115 -1.8023686
124 115 0
125 115 0
126 115 0
109 116 0.553416236
110 116 -1.74200139
111 116 2.4117468
112 116 -80.4442256
113 116 145.481742
114 116 123.540555
115 116 -1.10815948
116 116 3.48322324
117 116 -4.82390384
118 116 82.3351485
119 116 -142.733606
120 116 -121.985635
121 116 0.55310417
122 116 -1.74261343
123 116 2.41152806
124 116 0
125 116 0
126 116 0
109 117 -1.80088656
110 117 2.41342393
111 117 -8.84441611
112 117 250.510239
113 117 -536.073384
114 117 -197.289774
115 117 3.60407989
116 117 -4.82390384
117 117 17.6888385
118 117 -258.345138
119 117 525.89187
120 117 196.073272
121 117 -1.80093316
122 117 2.41536764
123 117 -8.84354881
124 117 0
125 117 0
126 117 0
109 118 0
110 118 0
111 118 0
112 118 -966.832416
113 118 0.278887879
114 118 107.062078
115 118 -53.3396659
116 118 82.3351485
117 118 -258.345138
118 118 9610.296
119 118 -15354.2626
120 118 -6692.57964
121 118 53.285823
122 118 -82.4349692
123 118 258.324411
124 118 -966.780595
125 118 0.648291259
126 118 107.121041
109 119 0
110 119 0
111 119 0
112 119 -0.264161879
113 119 -966.796931
114 119 -143.559077
115 119 95.7071131
116 119 -142.733606
117 119 525.89187
118 119 -15354.2626
119 119 33330.0253
120 119 11602.4785
121 119 -95.6138451
122 119 142.928359
123 119 -525.855931
124 119 -0.594610453
125 119 -966.796597
126 119 -143.585177
109 120 0
110 120 0
111 120 0
112 120 107.019981
113 120 -143.480135
114 120 -33.9824402
115 120 71.2773866
116 120 -121.985635
117 120 196.073272
118 120 -6692.57964
119 120 11602.4785
120 120 9462.94157
121 120 -71.1974411
122 120 122.081596
123 120 -196.042582
124 120 107.025791
125 120 -143.404421
126 120 -33.982144
115 121 -1.41383603
116 121 0.55310417
117 121 -1.80093316
118 121 53.285823
119 121 -95.6138451
120 121 -71.1974411
121 121 2.83006008
122 121 -1.10943168
123 121 3.60848845
124 121 -61.1114208
125 121 91.828657
126 121 76.0800932
127 121 -1.41546501
128 121 0.559185211
129 121 -1.80726729
130 121 0
131 121 0
132 121 0
115 122 0.555626546
116 122 -1.74261343
117 122 2.41536764
118 122 -82.4349692
119 122 142.928359
120 122 122.081596
121 122 -1.10943168
122 122 3.48284664
123 122 -4.82301821
124 122 93.1596174
125 122 -137.981949
126 122 -121.127434
127 122 0.551448257
128 122 -1.74222949
129 122 2.40674718
130 122 0
131 122 0
132 122 0
115 123 -1.8023686
116 123 2.41152806
117 123 -8.84354881
118 123 258.324411
119 123 -525.855931
120 123 -196.042582
121 123 3.60848845
122 123 -4.82301821
123 123 17.6870924
124 123 -295.380104
125 123 509.472349
126 123 199.093369
127 123 -1.80283995
128 123 2.41853129
129 123 -8.84229197
130 123 0
131 123 0
132 123 0
115 124 0
116 124 0
117 124 0
118 124 -966.780595
119 124 -0.594610453
120 124 107.025791
121 124 -61.1114208
122 124 93.1596174
123 124 -295.380104
124 124 11948.3291
125 124 -17006.9835
126 124 -7650.21404
127 124 60.9236629
128 124 -93.509839
129 124 295.308201
130 124 -966.704028
131 124 1.95521373
132 124 107.428828
115 125 0
116 125 0
117 125 0
118 125 0.648291259
119 125 -966.796597
120 125 -143.404421
121 125 91.828657
122 125 -137.981949
123 125 509.472349
124 125 -17006.9835
125 125 31426.7063
126 125 11339.5706
127 125 -91.5504467
128 125 138.558798
129 125 -509.365826
130 125 -1.84586614
131 125 -966.794626
132 125 -143.614882
115 126 0
116 126 0
117 126 0
118 126 107.121041
119 126 -143.585177
120 126 -33.982144
121 126 76.0800932
122 126 -121.127434
123 126 199.093369
124 126 -7650.21404
125 126 11339.5706
126 126 9633.96142
127 126 -75.8362646
128 126 121.433427
129 126 -198.999945
130 126 107.141658
131 126 -143.059062
132 126 -33.9824725
121 127 -1.41546501
122 127 0.551448257
123 127 -1.80283995
124 127 60.9236629
125 127 -91.5504467
126 127 -75.8362646
127 127 2.83047202
128 127 -1.1104917
129 127 3.6091008
130 127 -68.2028574
131 127 88.4162315
132 127 80.6104678
133 127 -1.41633842
134 127 0.553983579
135 127 -1.80676989
136 127 0
137 127 0
138 127 0
121 128 0.559185211
122 128 -1.74222949
123 128 2.41853129
124 128 -93.509839
125 128 138.558798
126 128 121.433427
127 128 -1.1104917
128 128 3.48493958
129 128 -4.82603203
130 128 103.469131
131 128 -134.597231
132 128 -121.040746
133 128 0.555494966
134 128 -1.73914678
135 128 2.40910558
136 128 0
137 128 0
138 128 0
121 129 -1.80726729
122 129 2.40674718
123 129 -8.84229197
124 129 295.308201
125 129 -509.365826
126 129 -198.999945
127 129 3.6091008
128 129 -4.82603203
129 129 17.6845859
130 129 -330.019637
131 129 497.065238
132 129 202.800089
133 129 -1.80763168
134 129 2.40680582
135 129 -8.84451357
136 129 0
137 129 0
138 129 0
121 130 0
122 130 0
123 130 0
124 130 -966.704028
125 130 -1.84586614
126 130 107.141658
127 130 -68.2028574
128 130 103.469131
129 130 -330.019637
130 130 14418.4902
131 130 -18538.1494
132 130 -8606.84051
133 130 68.2434619
134 130 -103.392752
135 130 330.035169
136 130 -966.838068
137 130 -0.366885263
138 130 107.368976
121 131 0
122 131 0
123 131 0
124 131 1.95521373
125 131 -966.794626
126 131 -143.059062
127 131 88.4162315
128 131 -134.597231
129 131 497.065238
130 131 -18538.1494
131 131 30034.3811
132 131 11193.9225
133 131 -88.4690421
134 131 134.487823
135 131 -497.08544
136 131 0.377326131
137 131 -966.796629
138 131 -143.198784
121 132 0
122 132 0
123 132 0
124 132 107.428828
125 132 -143.614882
126 132 -33.9824725
127 132 80.6104678
128 132 -121.040746
129 132 202.800089
130 132 -8606.84051
131 132 11193.9225
132 132 9913.62556
133 132 -80.6579936
134 132 120.978581
135 132 -202.818267
136 132 107.425424
137 132 -143.30687
138 132 -33.9833562
127 133 -1.41633842
128 133 0.555494966
129 133 -1.80763168
130 133 68.2434619
131 133 -88.4690421
132 133 -80.6579936
133 133 2.83205857
134 133 -1.10929594
135 133 3.61305892
136 133 -75.9281267
137 133 84.4130773
138 133 85.4653883
139 133 -1.41579186
140 133 0.553533643
141 133 -1.8054527
142 133 0
143 133 0
144 133 0
127 134 0.553983579
128 134 -1.73914678
129 134 2.40680582
130 134 -103.392752
131 134 134.487823
132 134 120.978581
133 134 -1.10929594
134 134 3.47890841
135 134 -4.81691183
136 134 114.722074
137 134 -130.524995
138 134 -120.665962
139 134 0.555536004
140 134 -1.73957237
141 134 2.41019081
142 134 0
143 134 0
144 134 0
127 135 -1.80676989
128 135 2.40910558
129 135 -8.84451357
130 135 330.035169
131 135 -497.08544
132 135 -202.818267
133 135 3.61305892
134 135 -4.81691183
135 135 17.6890315
136 135 -367.85498
137 135 482.105303
138 135 206.453122
139 135 -1.80660393
140 135 2.40714457
141 135 -8.84463397
142 135 0
143 135 0
144 135 0
127 136 0
128 136 0
129 136 0
130 136 -966.838068
131 136 0.377326131
132 136 107.425424
133 136 -75.9281267
134 136 114.722074
135 136 -367.85498
136 136 17427.6012
137 136 -20041
138 136 -9662.91718
139 136 75.9880705
140 136 -114.609321
141 136 367.877732
142 136 -966.845115
143 136 -0.489389226
144 136 107.289615
127 137 0
128 137 0
129 137 0
130 137 -0.366885263
131 137 -966.796629
132 137 -143.30687
133 137 84.4130773
134 137 -130.524995
135 137 482.105303
136 137 -20041
137 137 28400.8703
138 137 10961.3599
139 137 -84.481336
140 137 130.385081
141 137 -482.131187
142 137 0.494750168
143 137 -966.796547
144 137 -143.233736
127 138 0
128 138 0
129 138 0
130 138 107.368976
131 138 -143.198784
132 138 -33.9833562
133 138 85.4653883
134 138 -120.665962
135 138 206.453122
136 138 -9662.91718
137 138 10961.3599
138 138 10218.3453
